{
    "ColorR": 0.2997320592403412,
    "ColorG": 0.8039215803146362,
    "ColorB": 0.21280278265476227,
    "ColorA": 0.0
}